Problema: É útil para um usuário final (segurança, spam e afins)?

SIM
3
4
5
7
8
10
15
20
22
27
31
34
36
37
38
39
42
53
55
61
73
77
86
96
116
117
121
122
123
132
136
138
147
156
159

NÃO
1
2
6
9
11
12
13
14
16
17
18
19
21
23
24
25
26
29
30
32
33
35
41
40
43
44
45
46
47
49
50
51
52
54
56
57
58
59
69
68
67
66
65
64
63
62
70
71
72
74
75
76
78
79
80
81
82
83
84
85
87
88
89
90
91
92
93
94
95
97
98
99
100
101
102
103
104
105
106
107
108
109
110
111
112
113
114
115
118
119
124
125
126
127
128
129
130
131
133
134
135
137
139
140
141
142
143
144
145
146
148
149
150
151
152
153
154
155
157
158
160
